#VRML_SIM R2022a utf8

PROTO Zedcam_2022 [
  field SFVec3f    translation         0 0 0
  field SFRotation rotation            0 1 0 0
  field SFString   name                "zedcam"
  field SFInt32    cameraWidth         1920
  field SFInt32    cameraHeight        1080
  field SFFloat    cameraFieldOfView   1.47691721068081 
  field SFFloat    cameraNoise         0
  field SFFloat    rangeFinderNoise    0
  field SFFloat    rangeFinderMinRange 0.3
  field SFFloat    rangeFinderMaxRange 20
  field SFBool     leftCamera          TRUE
  field SFBool     rightCamera         TRUE
  field SFBool     depth               FALSE
  field SFBool     physics             TRUE
]
{
  Solid {
    translation IS translation
    rotation IS rotation
    name IS name
    children [

      Accelerometer {
        translation -0.06 0 -0.01
        xAxis       TRUE   # {TRUE, FALSE}
        yAxis       TRUE   # {TRUE, FALSE}
        zAxis       TRUE   # {TRUE, FALSE}
        resolution  0.244     # {-1, [0, inf)} matches ZED2i https://cdn.stereolabs.com/assets/datasheets/zed-2i-datasheet-feb2022.pdf
        name %{= '"' .. fields.name.value .. ' accelerometer"'}%
      }

      Gyro {
        translation -0.06 0 -0.01
        xAxis       TRUE   # {TRUE, FALSE}
        yAxis       TRUE   # {TRUE, FALSE}
        zAxis       TRUE   # {TRUE, FALSE}
        resolution  0.03     # {-1, [0, inf)} matches ZED2i https://cdn.stereolabs.com/assets/datasheets/zed-2i-datasheet-feb2022.pdf
        name %{= '"' .. fields.name.value .. ' gyro"'}%
      }

      InertialUnit {
        translation -0.06 0 -0.01
        xAxis       TRUE   # {TRUE, FALSE}
        yAxis       TRUE   # {TRUE, FALSE}
        zAxis       TRUE   # {TRUE, FALSE}
        resolution  0.03     # {-1, [0, inf)} matches ZED2i https://cdn.stereolabs.com/assets/datasheets/zed-2i-datasheet-feb2022.pdf
        name %{= '"' .. fields.name.value .. ' imu"'}%
      }

      %{ if fields.leftCamera.value then }%
        Camera {
          translation -0.01 -0.06 0
          rotation 0 0 1 -1.5707953071795862
          name %{= '"' .. fields.name.value .. ' left camera"'}%
          fieldOfView IS cameraFieldOfView
          width IS cameraWidth
          height IS cameraHeight
          noise IS cameraNoise
          recognition Recognition
          {
            maxRange %{= fields.rangeFinderMaxRange.value }%
            maxObjects -1
            frameThickness 3
          }
        }
      %{ end }%
      
      %{ if fields.depth.value then }%
        RangeFinder {
          translation -0.01 -0.06 0
          rotation 0 0 1 -1.5707953071795862
          name %{= '"' .. fields.name.value .. ' left depth"'}%
          fieldOfView IS cameraFieldOfView
          minRange IS rangeFinderMinRange
          maxRange IS rangeFinderMaxRange
          width IS cameraWidth
          height IS cameraHeight
          noise IS rangeFinderNoise
        }
      %{ end }%      

      %{ if fields.rightCamera.value then }%
        Camera {
          translation -0.01 -0.06 0
          rotation 0 0 1 -1.5707953071795862
          name %{= '"' .. fields.name.value .. ' right camera"'}%
          fieldOfView IS cameraFieldOfView
          width IS cameraWidth
          height IS cameraHeight
          noise IS cameraNoise
        }
      %{ end }%




       
      # 'glass'
      #Shape {
      #  appearance PBRAppearance {
      #    transparency 0.8
      #  }
      #  geometry IndexedFaceSet {
      #    creaseAngle 0.6
      #    coord Coordinate {
      #      point [
      #        -0.017708 0.017782 -0.101158 -0.023137 0.009657 -0.101158 -0.025043 0.000074 -0.101158 -0.023137 -0.009510 -0.101158 -0.017708 -0.017634 -0.101158 -0.009584 -0.023063 -0.101158 0.000000 -0.024969 -0.101158 0.009583 -0.023063 -0.101158 0.017708 -0.017634 -0.101158 0.023137 -0.009510 -0.101158 0.025043 0.000074 -0.101158 0.023137 0.009657 -0.101158 0.017708 0.017782 -0.101158 0.009583 0.023211 -0.101158 0.000000 0.025117 -0.101158 -0.009584 0.023211 -0.101158 0.000000 0.000074 -0.101158 0.000033 0.004274 -0.097669 0.000033 0.007347 -0.094595 0.000033 0.008472 -0.090397 0.000033 0.000075 -0.098794 -0.002067 0.003711 -0.097669 -0.003603 0.006373 -0.094595 -0.004166 0.007347 -0.090397 -0.003603 0.002175 -0.097669 -0.006265 0.003711 -0.094595 -0.007239 0.004274 -0.090397 -0.004166 0.000075 -0.097669 -0.007239 0.000075 -0.094595 -0.008364 0.000075 -0.090397 -0.003603 -0.002024 -0.097669 -0.006265 -0.003560 -0.094595 -0.007239 -0.004123 -0.090397 -0.002067 -0.003560 -0.097669 -0.003603 -0.006222 -0.094595 -0.004166 -0.007196 -0.090397 0.000033 -0.004123 -0.097669 0.000033 -0.007196 -0.094595 0.000033 -0.008321 -0.090397 0.002132 -0.003560 -0.097669 0.003668 -0.006222 -0.094595 0.004231 -0.007196 -0.090397 0.003668 -0.002024 -0.097669 0.006330 -0.003560 -0.094595 0.007304 -0.004123 -0.090397 0.004231 0.000075 -0.097669 0.007304 0.000075 -0.094595 0.008429 0.000075 -0.090397 0.003668 0.002175 -0.097669 0.006330 0.003711 -0.094595 0.007304 0.004274 -0.090397 0.002132 0.003711 -0.097669 0.003668 0.006373 -0.094595 0.004231 0.007347 -0.090397 
      #      ]
      #    }
      #    coordIndex [
      #      7 6 16 -1 0 15 16 -1 8 7 16 -1 1 0 16 -1 9 8 16 -1 2 1 16 -1 10 9 16 -1 3 2 16 -1 11 10 16 -1 4 3 16 -1 12 11 16 -1 5 4 16 -1 13 12 16 -1 6 5 16 -1 15 14 16 -1 14 13 16 -1 18 21 22 -1 19 22 23 -1 17 20 21 -1 22 24 25 -1 22 26 23 -1 21 20 24 -1 25 29 26 -1 24 20 27 -1 24 28 25 -1 29 31 32 -1 27 20 30 -1 28 30 31 -1 32 34 35 -1 30 20 33 -1 30 34 31 -1 35 37 38 -1 33 20 36 -1 34 36 37 -1 38 40 41 -1 36 20 39 -1 37 39 40 -1 41 43 44 -1 39 20 42 -1 40 42 43 -1 43 47 44 -1 42 20 45 -1 42 46 43 -1 45 20 48 -1 46 48 49 -1 46 50 47 -1 48 52 49 -1 49 53 50 -1 48 20 51 -1 51 18 52 -1 52 19 53 -1 51 20 17 -1                                                     18 17 21 -1 19 18 22 -1 22 21 24 -1 22 25 26 -1 25 28 29 -1 24 27 28 -1 29 28 31 -1 28 27 30 -1 32 31 34 -1 30 33 34 -1 35 34 37 -1 34 33 36 -1 38 37 40 -1 37 36 39 -1 41 40 43 -1 40 39 42 -1 43 46 47 -1 42 45 46 -1 46 45 48 -1 46 49 50 -1 48 51 52 -1 49 52 53 -1 51 17 18 -1 52 18 19 -1
      #    ]
      #  }
      #} 

      # main body
      Transform
      {
        rotation -0.5773509358554485 0.5773489358556708 0.5773509358554485 -2.094395307179586
        scale 0.001 0.001 0.001
        children
        [
          Shape 
          {
            appearance Appearance 
            {
              material Material 
              {
                diffuseColor 0.192156863 0.196078431 0.203921569
                specularColor 0.7 0.7 1.0
              }
            }
            geometry IndexedFaceSet 
            {
              solid FALSE
              coord Coordinate 
              {
                point 
                [ -2.857321 -13.293948 -0.733635 -2.761761 -13.105708 -0.000000 -2.950001 -13.293948 -0.000000 -2.667661 -13.105708 -0.714797 -2.391761 -13.105708 -1.380881 -2.585101 -13.293948 -1.421173 -1.952862 -13.105708 -1.952861 -2.150461 -13.293948 -2.019414 -1.380881 -13.105708 -2.391756 -1.580691 -13.293948 -2.490767 -0.714801 -13.105708 -2.667658 -0.911601 -13.293948 -2.805617 -0.000001 -13.105708 -2.761762 -0.185231 -13.293948 -2.944179 0.714799 -13.105708 -2.667658 0.552768 -13.293948 -2.897747 1.380879 -13.105708 -2.391757 1.256049 -13.293948 -2.669240 1.880399 -13.293948 -2.273015 1.952859 -13.105708 -1.952862 2.386600 -13.293948 -1.733967 2.391759 -13.105708 -1.380882 2.742839 -13.293948 -1.085968 2.667659 -13.105708 -0.714798 2.926738 -13.293948 -0.369734 2.761758 -13.105708 -0.000001 2.926738 -13.293948 0.369732 2.667659 -13.105708 0.714796 2.742839 -13.293948 1.085966 2.391759 -13.105708 1.380880 2.386600 -13.293948 1.733965 1.952860 -13.105708 1.952860 1.880399 -13.293948 2.273013 1.380880 -13.105708 2.391755 1.256050 -13.293948 2.669239 0.714800 -13.105708 2.667657 0.552769 -13.293948 2.897746 -0.000000 -13.105708 2.761761 -0.185230 -13.293948 2.944178 -0.714800 -13.105708 2.667657 -0.911600 -13.293948 2.805616 -1.380880 -13.105708 2.391756 -1.580690 -13.293948 2.490767 -1.952861 -13.105708 1.952861 -2.150460 -13.293948 2.019413 -2.391761 -13.105708 1.380881 -2.585100 -13.293948 1.421173 -2.667661 -13.105708 0.714797 -2.857321 -13.293948 0.733635 14.007353 13.897334 75.499992 -16.503386 14.962802 -75.499992 -16.503359 14.962796 75.499992 14.007326 13.897340 -75.499992 14.999985 12.832850 -75.499992 15.000011 12.832845 75.499992 14.006716 11.988343 81.021011 -16.503357 13.872786 80.000221 -16.503355 12.577385 81.999374 14.006865 -2.057153 86.277504 -16.503355 -4.913047 86.804314 14.007345 -5.162521 85.620552 -16.503355 -7.836804 85.702362 -16.503355 -10.358841 84.150070 14.006725 -7.943079 84.448654 14.007345 13.015014 79.329933 14.007355 -10.303723 82.821396 -16.503336 -12.364441 82.255394 14.007215 10.221503 82.892235 -16.503355 10.866555 83.742165 -16.503355 8.430693 85.396271 14.007374 -12.090173 80.881439 -16.503355 -13.734411 80.265205 14.007383 -13.245563 78.806274 -16.503370 -14.617441 78.066422 14.007334 -13.731752 77.182976 -16.503370 -14.617441 78.066422 -16.503365 -14.875531 76.795235 -16.503355 5.343267 86.679703 14.006695 7.767007 84.542969 14.007351 -13.897342 75.499992 -16.503359 -14.962800 75.499992 -16.503355 1.890649 87.367485 14.007296 4.790321 85.732025 14.007355 13.671803 77.461029 -16.503370 14.684316 77.807053 -16.503355 -1.730407 87.382996 14.007015 1.444266 86.338371 14.006712 -11.988316 -81.021004 -16.503391 -13.872764 -80.000252 -16.503389 -12.577283 -81.999451 14.007303 5.165328 -85.619682 14.006893 2.058513 -86.277283 -16.503391 4.914787 -86.803856 -16.503391 10.359813 -84.149330 14.006762 7.943882 -84.448143 -16.503389 7.837533 -85.701889 14.007303 -13.015025 -79.329941 -16.503370 12.363933 -82.255981 14.007313 10.304781 -82.820503 14.007162 -10.221395 -82.892342 -16.503391 -10.866473 -83.742233 -16.503389 -8.430331 -85.396431 14.007385 12.090921 -80.880333 -16.503389 13.733303 -80.267250 14.007355 13.246071 -78.805016 -16.503403 14.616393 -78.070259 14.007355 13.731821 -77.182304 -16.503395 14.875273 -76.797119 -16.503389 -5.342737 -86.679863 14.006693 -7.766832 -84.543022 -16.503391 -1.889324 -87.367599 14.007282 -4.789634 -85.732193 14.007324 -13.897336 -75.499992 -16.503386 -14.962794 -75.499992 14.007322 -13.671805 -77.461044 -16.503403 -14.684314 -77.807053 -16.503389 1.731456 -87.382843 14.006983 -1.442176 -86.338554 14.999990 0.856380 -37.038616 14.999990 0.856380 -35.337788 14.999990 -1.666927 -35.257328 14.999990 -1.684807 -37.581722 14.999990 0.849676 -37.537022 14.999990 -1.684807 -35.735615 14.999990 1.249739 -37.537022 14.999989 -1.684807 -40.100559 14.999990 -0.448856 -38.462307 14.999990 -1.684807 -38.462307 14.999989 -0.448855 -39.988808 14.999989 -0.055497 -39.988808 15.000013 -4.389580 84.739014 15.000013 1.899806 85.223564 15.000013 -1.174207 85.291084 15.000013 4.909871 84.584061 15.000013 -6.960008 83.758995 15.000013 7.569100 83.438179 15.000013 -9.276944 82.291985 15.000013 9.814037 81.832474 15.000011 -10.969263 80.598579 15.000013 11.438704 79.953613 15.000011 -11.966043 79.050949 15.000013 12.354313 78.159309 15.000011 -12.607683 77.333260 15.000013 12.711173 76.850204 15.000010 -12.832852 75.499992 15.000010 -2.880578 67.275490 15.000010 -4.599422 66.330551 15.000010 -6.029268 64.987831 15.000010 -7.080275 63.331715 15.000010 -7.686400 61.466255 15.000009 -7.809561 59.508656 14.999983 -12.832847 -75.499992 15.000010 -0.980736 67.763290 15.000009 -7.442019 57.581936 15.000009 -6.606868 55.807156 15.000007 -5.356583 54.295815 15.000007 -3.769725 53.142895 15.000007 -1.946001 52.420837 15.000007 -0.000003 52.174995 14.999990 -2.078166 -35.257328 14.999990 -2.078166 -37.581722 14.999990 -2.078166 -38.019779 14.999986 -7.686395 -58.533737 14.999989 -2.078166 -40.100559 14.999989 -2.078166 -40.587788 14.999989 0.856381 -40.100559 14.999989 1.249739 -40.100559 14.999986 -7.080269 -56.668278 14.999989 -2.078165 -41.354389 14.999989 -2.064755 -41.722885 14.999989 -2.024525 -42.019302 14.999989 -1.944625 -42.277721 14.999989 -1.812201 -42.532230 14.999989 -1.566352 -42.811329 14.999989 -1.240043 -43.027283 14.999989 -0.851154 -43.165573 14.999989 -0.417565 -43.211670 14.999986 -6.029263 -55.012157 14.999988 -4.599417 -53.669437 14.999988 -2.880573 -52.724495 14.999988 -0.980731 -52.236694 14.999985 -7.809556 -60.491337 14.999985 -7.442014 -62.418056 14.999985 -6.606863 -64.192833 14.999985 -5.356578 -65.704170 14.999985 -3.769719 -66.857094 14.999985 -1.945995 -67.579155 14.999985 0.000002 -67.824989 15.000009 7.809555 59.508656 15.000010 7.686394 61.466255 15.000010 7.080268 63.331715 15.000010 6.029262 64.987831 15.000010 4.599416 66.330551 15.000010 2.880571 67.275490 15.000010 0.980729 67.763290 15.000009 7.442013 57.581936 15.000009 6.606862 55.807156 15.000007 5.356577 54.295815 15.000007 3.769718 53.142895 15.000007 1.945995 52.420837 14.999990 1.249739 -35.337788 14.999986 7.686399 -58.533737 14.999990 1.249739 -38.019779 14.999986 7.080273 -56.668278 14.999989 1.249739 -40.587788 14.999989 1.249739 -41.345451 14.999989 1.232139 -41.764233 14.999989 1.179337 -42.081882 14.999989 1.095804 -42.329128 14.999989 0.986010 -42.536701 14.999989 0.738764 -42.822224 14.999989 0.421675 -43.035107 14.999989 0.237218 -43.112354 14.999989 0.035859 -43.167530 14.999986 6.029267 -55.012157 14.999988 4.599421 -53.669437 14.999988 2.880576 -52.724495 14.999988 0.980734 -52.236694 14.999985 7.809560 -60.491337 14.999985 7.442019 -62.418056 14.999985 6.606867 -64.192833 14.999985 5.356583 -65.704170 14.999985 3.769724 -66.857094 14.999985 1.946000 -67.579155 14.999981 -12.711175 -76.850204 14.999983 12.607681 -77.333260 14.999981 -12.354315 -78.159309 14.999983 11.966041 -79.050949 14.999981 -11.438705 -79.953613 14.999983 10.969261 -80.598579 14.999981 -9.814039 -81.832474 14.999981 9.276942 -82.291985 14.999981 -7.569101 -83.438179 14.999981 6.960007 -83.758995 14.999981 -4.909872 -84.584061 14.999981 4.389579 -84.739014 14.999981 -1.899808 -85.223564 14.999981 1.174206 -85.291084 14.999990 0.856381 -38.462307 14.999990 -0.055497 -38.462307 14.007313 10.304781 -82.820503 14.007324 -13.897336 -75.499992 14.007322 -13.671805 -77.461044 2.658509 -14.293648 -3.488023 1.633988 -14.024968 -3.298335 1.767668 -14.324759 -4.039776 0.887007 -14.056108 -3.604462 -4.336161 -14.506768 0.000000 -4.582490 -14.546518 0.000000 -4.550920 -14.545408 -0.531276 2.297428 -13.997228 -2.840354 3.412698 -14.267318 -2.722218 -4.107341 -14.407269 0.000000 2.847018 -13.974198 -2.252075 3.938519 -14.248958 -1.851395 3.258338 -13.956938 -1.560985 -3.857101 -14.252048 -0.627950 -4.456480 -14.542118 -1.052673 -3.910281 -14.254228 0.000000 4.253049 -14.237968 -0.879914 3.512429 -13.946259 -0.798659 -3.699951 -14.245608 -1.238097 -4.090361 -14.529328 -2.036971 4.340678 -14.234908 -0.000001 4.069509 -14.207208 -0.000001 3.815888 -14.107308 -0.000001 -3.349581 -14.231238 -1.972210 -3.535002 -14.509938 -2.870500 3.598680 -13.942628 -0.000001 -2.849791 -14.210698 -2.613503 -2.909922 -14.488108 -3.480291 -2.120382 -14.460538 -3.986026 -2.223871 -14.184938 -3.131428 -1.194412 -14.428198 -4.327860 -1.502111 -14.155178 -3.502717 -0.184822 -14.392948 -4.458425 -0.718261 -14.122758 -3.709704 0.827717 -14.357588 -4.356950 0.090649 -14.089228 -3.744117 -1.955650 -14.173888 3.292821 -2.009480 -14.456658 4.039775 -2.900310 -14.487768 3.488022 -1.216301 -14.143368 3.599327 4.309119 -14.236008 0.531275 -2.613950 -14.200998 2.836113 -3.654500 -14.514108 2.722217 -3.160550 -14.223468 2.249450 -4.180330 -14.532468 1.851394 3.534518 -13.945328 0.689524 -3.570521 -14.240298 1.559740 4.214669 -14.239308 1.052671 -3.824101 -14.250698 0.798224 -4.494850 -14.543458 0.879913 3.848560 -14.252098 2.036969 3.345029 -13.953288 1.355751 3.293199 -14.271488 2.870498 2.981529 -13.968558 2.060731 2.668110 -14.293318 3.480290 2.477720 -13.989678 2.674362 1.878580 -14.320889 3.986025 1.854999 -14.015738 3.168494 0.952610 -14.353229 4.327859 1.141359 -14.045518 3.521162 -0.056989 -14.388478 4.458424 0.368149 -14.077698 3.715364 -1.069521 -14.423838 4.356949 -0.429720 -14.110808 3.742170 -16.600012 14.866182 -75.499962 -16.600016 -7.983292 -85.521622 -16.600016 -10.494433 -83.921860 -16.600014 14.595283 -77.764122 -16.600016 -12.469073 -81.979553 -16.600014 13.808563 -79.912750 -16.600016 12.584463 -81.834610 -16.600014 -13.823033 -79.883751 -16.600016 10.537353 -83.887611 -16.600016 7.926814 -85.549919 -16.600014 -14.598124 -77.752663 -16.600016 4.869735 -86.716034 -16.600016 1.401814 -87.313515 -16.600016 -5.028457 -86.671585 -16.599981 2.209941 87.235092 -16.599985 -14.866180 75.499992 -16.599981 8.270202 85.372856 -16.599981 10.731325 83.729355 -16.503365 -14.875531 76.795235 -16.599983 -14.595221 77.764412 -16.599981 12.646785 81.755646 -16.599983 -13.808611 79.912659 -16.599983 13.939225 79.641113 -16.599981 -12.583961 81.835274 -16.599981 -10.533731 83.890511 -16.599983 14.628856 77.620789 -16.599981 -7.926535 85.550163 -16.599981 -4.870696 86.715744 -16.599981 -1.401206 87.313614 -16.551685 -14.914487 0.000002 -16.600012 -14.866175 -75.499992 9.500009 -0.000003 52.174995 9.500009 2.025256 52.441628 9.500009 3.912497 53.223347 9.500009 5.533107 54.466885 9.500010 6.776645 56.087498 9.500010 7.558366 57.974735 9.500011 7.824996 59.999996 9.500011 7.558366 62.025257 9.500011 6.776645 63.912495 9.500011 5.533107 65.533104 9.500011 3.912496 66.776642 9.500011 2.025255 67.558365 9.500011 -0.000003 67.824989 9.500011 -2.025262 67.558365 9.500011 -3.912503 66.776642 9.500011 -5.533113 65.533104 9.500011 -6.776651 63.912495 9.500011 -7.558372 62.025257 9.500011 -7.825002 59.999996 9.500010 -7.558372 57.974735 9.500010 -6.776651 56.087498 9.500009 -5.533113 54.466885 9.500009 -3.912502 53.223347 9.500009 -2.025261 52.441628 9.499987 0.000003 -67.824989 9.499987 2.025261 -67.558365 9.499987 3.912502 -66.776642 9.499987 5.533113 -65.533104 9.499987 6.776650 -63.912495 9.499987 7.558372 -62.025257 9.499987 7.825001 -59.999996 9.499988 7.558371 -57.974735 9.499988 6.776650 -56.087498 9.499990 5.533112 -54.466885 9.499990 3.912501 -53.223347 9.499990 2.025260 -52.441628 9.499990 0.000002 -52.174995 9.499990 -2.025257 -52.441628 9.499990 -3.912498 -53.223347 9.499990 -5.533108 -54.466885 9.499988 -6.776646 -56.087498 9.499988 -7.558367 -57.974735 9.499987 -7.824996 -59.999996 9.499987 -7.558367 -62.025257 9.499987 -6.776646 -63.912495 9.499987 -5.533108 -65.533104 9.499987 -3.912497 -66.776642 9.499987 -2.025256 -67.558365 -16.599998 -11.116178 2.709580 -16.599998 -14.866178 0.544517 -16.599998 -10.513226 2.959331 -16.599998 -9.866178 3.044517 -16.599998 -11.633945 2.312284 -16.599998 -12.031241 1.794517 -16.599998 -12.280993 1.191564 -16.599998 -12.366178 0.544517 -16.599981 5.368559 86.570961 -16.599985 14.866177 75.499992 -16.599998 -7.451364 1.191565 -16.599998 -7.701115 1.794517 -16.599998 -8.098411 2.312284 -16.599998 -8.616178 2.709580 -16.599998 -9.219130 2.959331 -16.599998 -7.366179 0.544517 -16.599998 -7.451364 -0.102530 -16.599998 -7.701115 -0.705483 -16.599998 -8.098411 -1.223250 -16.599998 -8.616178 -1.620546 -16.599998 -9.219130 -1.870297 -16.599998 -9.866178 -1.955483 -16.599998 -12.280993 -0.102531 -16.599998 -12.031241 -0.705483 -16.599998 -11.633945 -1.223250 -16.599998 -11.116178 -1.620546 -16.599998 -10.513226 -1.870297 -16.600016 -1.848253 -87.274605 -2.667661 -9.419899 -0.714797 -2.667661 -9.419899 0.714797 -2.761761 -9.419899 0.000000 -2.391761 -9.419899 -1.380881 -2.391761 -9.419899 1.380881 -1.952861 -9.419899 -1.952861 -1.952861 -9.419899 1.952861 -1.380881 -9.419899 -2.391756 -1.380880 -9.419899 2.391756 -0.714801 -9.419899 -2.667658 -0.714800 -9.419899 2.667657 -0.000001 -9.419899 -2.761762 0.000000 -9.419899 2.761761 0.714799 -9.419899 -2.667658 0.714800 -9.419899 2.667657 1.380879 -9.419899 -2.391757 1.380880 -9.419899 2.391755 1.952859 -9.419899 -1.952862 1.952860 -9.419899 1.952860 2.391759 -9.419899 -1.380882 2.391759 -9.419899 1.380880 2.667659 -9.419899 -0.714798 2.667659 -9.419899 0.714796 2.761758 -9.419899 -0.000001 14.999989 -1.698217 -41.367802 14.999989 0.869791 -41.030315 14.999989 -1.698217 -41.030315 14.999989 0.869791 -41.367802 14.999989 -1.686483 -41.644382 14.999989 0.858057 -41.642704 14.999989 0.822856 -41.868439 14.999989 -1.651282 -41.884083 14.999989 0.760835 -42.063442 14.999989 -1.584232 -42.095848 14.999989 0.668641 -42.246155 14.999989 -1.476952 -42.288616 14.999989 0.486769 -42.465740 14.999989 -1.294521 -42.490326 14.999989 0.245110 -42.623867 14.999989 -1.060126 -42.635040 14.999989 -0.054658 -42.719414 14.999989 -0.767621 -42.722206 14.999989 -0.410860 -42.751263 15.190130 -2.078166 -40.587788 15.190130 -1.698217 -41.030315 15.190130 1.249739 -40.587788 15.190130 -2.078165 -41.354389 15.190130 -1.698217 -41.367802 15.190130 -2.064755 -41.722885 15.190130 -1.686483 -41.644382 15.190130 -1.651282 -41.884083 15.190130 -2.024525 -42.019302 15.190130 -1.584232 -42.095848 15.190130 -1.944625 -42.277721 15.190130 -1.476952 -42.288616 15.190130 -1.812201 -42.532230 15.190130 -1.294521 -42.490326 15.190130 -1.060126 -42.635040 15.190130 -1.566352 -42.811329 15.190130 -0.767621 -42.722206 15.190130 -0.410860 -42.751263 15.190130 0.869791 -41.030315 15.190130 1.249739 -41.345451 15.190130 0.869791 -41.367802 15.190130 1.232139 -41.764233 15.190130 0.858057 -41.642704 15.190130 0.822856 -41.868439 15.190130 1.179337 -42.081882 15.190130 0.760835 -42.063442 15.190130 0.668641 -42.246155 15.190130 1.095804 -42.329128 15.190130 0.486769 -42.465740 15.190130 0.986010 -42.536701 15.190130 0.245110 -42.623867 15.190130 0.738764 -42.822224 15.190130 -0.054658 -42.719414 15.190130 -1.240043 -43.027283 15.190130 0.421675 -43.035107 15.190130 -0.851154 -43.165573 15.190130 0.237218 -43.112354 15.190130 0.035859 -43.167530 15.190130 -0.417565 -43.211670 15.190132 -2.078166 -38.019779 15.190131 -1.684807 -38.462307 15.190132 1.249739 -38.019779 15.190130 -2.078166 -40.100559 15.190130 -1.684807 -40.100559 15.190130 -0.448855 -39.988808 15.190131 -0.055497 -38.462307 15.190131 -0.448856 -38.462307 15.190130 -0.055497 -39.988808 15.190131 0.856381 -38.462307 15.190130 1.249739 -40.100559 15.190130 0.856381 -40.100559 15.190132 -2.078166 -37.581722 15.190132 -1.666927 -35.257328 15.190132 -2.078166 -35.257328 15.190132 -1.684807 -35.735615 15.190132 -1.684807 -37.581722 15.190132 0.856380 -37.038616 15.190132 0.849676 -37.537022 15.190132 1.249739 -35.337788 15.190132 0.856380 -35.337788 15.190132 1.249739 -37.537022 -26.599998 -9.219130 2.959333 -26.599998 -10.513226 2.959333 -26.599998 -9.866178 3.044519 -26.599998 -11.116178 2.709582 -26.599998 -8.616178 2.709582 -26.599998 -11.633945 2.312286 -26.599998 -8.098411 2.312286 -26.599998 -12.031241 1.794519 -26.599998 -7.701115 1.794519 -26.599998 -12.280993 1.191566 -26.599998 -7.451364 1.191567 -26.599998 -12.366178 0.544519 -26.599998 -7.366179 0.544519 -26.599998 -12.280993 -0.102529 -26.599998 -7.451364 -0.102529 -26.599998 -12.031241 -0.705481 -26.599998 -7.701115 -0.705481 -26.599998 -11.633945 -1.223248 -26.599998 -8.098411 -1.223248 -26.599998 -11.116178 -1.620544 -26.599998 -8.616178 -1.620544 -26.599998 -10.513226 -1.870295 -26.599998 -9.219130 -1.870295 -26.599998 -9.866178 -1.955481
                ]
              }
              coordIndex 
              [ 0 1 2 -1 3 1 0 -1 4 3 5 -1 5 3 0 -1 6 4 7 -1 7 4 5 -1 8 6 9 -1 9 6 7 -1 10 8 11 -1 11 8 9 -1 12 10 13 -1 10 11 13 -1 14 12 15 -1 12 13 15 -1 16 14 17 -1 14 15 17 -1 18 16 17 -1 19 16 18 -1 20 19 18 -1 21 19 20 -1 22 21 20 -1 22 23 21 -1 22 24 23 -1 24 25 23 -1 24 26 25 -1 26 27 25 -1 26 28 27 -1 28 29 27 -1 28 30 29 -1 29 30 31 -1 30 32 31 -1 31 32 33 -1 32 34 33 -1 33 34 35 -1 35 34 36 -1 35 36 37 -1 37 36 38 -1 37 38 39 -1 39 38 40 -1 39 40 41 -1 40 42 41 -1 41 42 43 -1 42 44 43 -1 43 44 45 -1 44 46 45 -1 45 46 47 -1 46 48 47 -1 47 48 1 -1 2 1 48 -1 49 50 51 -1 50 49 52 -1 53 49 54 -1 49 53 52 -1 55 56 57 -1 58 59 60 -1 61 62 63 -1 64 56 55 -1 60 61 63 -1 65 62 66 -1 67 57 68 -1 63 62 65 -1 68 69 67 -1 70 66 71 -1 70 65 66 -1 72 71 73 -1 67 55 57 -1 72 70 71 -1 74 75 76 -1 69 77 78 -1 72 75 74 -1 79 76 80 -1 79 74 76 -1 67 69 78 -1 77 81 82 -1 49 51 83 -1 83 51 84 -1 78 77 82 -1 81 85 86 -1 64 84 56 -1 82 81 86 -1 85 59 58 -1 86 85 58 -1 83 84 64 -1 59 61 60 -1 87 88 89 -1 90 91 92 -1 93 94 95 -1 96 88 87 -1 94 90 95 -1 97 98 93 -1 99 89 100 -1 93 98 94 -1 101 99 100 -1 102 97 103 -1 102 98 97 -1 104 103 105 -1 99 87 89 -1 102 103 104 -1 106 105 107 -1 108 109 101 -1 104 105 106 -1 52 107 50 -1 106 107 52 -1 109 99 101 -1 110 111 108 -1 112 113 114 -1 114 113 115 -1 111 109 108 -1 116 117 110 -1 96 115 88 -1 117 111 110 -1 92 91 116 -1 91 117 116 -1 114 115 96 -1 95 90 92 -1 118 119 120 -1 121 122 123 -1 122 121 124 -1 125 126 127 -1 126 125 128 -1 128 125 129 -1 130 131 132 -1 131 130 133 -1 133 130 134 -1 133 134 135 -1 135 134 136 -1 135 136 137 -1 137 136 138 -1 137 138 139 -1 139 138 140 -1 139 140 141 -1 141 140 142 -1 141 142 143 -1 143 142 144 -1 143 144 54 -1 54 144 145 -1 145 144 146 -1 146 144 147 -1 147 144 148 -1 148 144 149 -1 149 144 150 -1 150 144 151 -1 54 145 152 -1 150 151 153 -1 153 151 154 -1 154 151 155 -1 155 151 156 -1 156 151 157 -1 157 151 158 -1 158 151 159 -1 159 151 160 -1 160 151 161 -1 160 161 121 -1 161 151 162 -1 161 162 163 -1 163 162 164 -1 163 164 125 -1 125 164 165 -1 165 164 166 -1 164 162 167 -1 164 167 168 -1 168 167 169 -1 169 167 170 -1 170 167 171 -1 171 167 172 -1 172 167 173 -1 173 167 174 -1 174 167 175 -1 175 167 176 -1 176 167 177 -1 176 177 178 -1 176 178 179 -1 176 179 180 -1 162 151 181 -1 181 151 182 -1 182 151 183 -1 183 151 184 -1 184 151 185 -1 185 151 186 -1 186 151 187 -1 54 188 53 -1 188 54 189 -1 189 54 190 -1 190 54 191 -1 191 54 192 -1 192 54 193 -1 193 54 194 -1 194 54 152 -1 53 188 195 -1 53 195 196 -1 53 196 197 -1 53 197 198 -1 53 198 199 -1 53 199 158 -1 53 158 200 -1 200 158 120 -1 120 158 159 -1 200 120 119 -1 53 200 201 -1 201 200 124 -1 201 124 202 -1 202 124 121 -1 202 121 161 -1 201 202 203 -1 203 202 166 -1 203 166 204 -1 204 166 164 -1 203 204 205 -1 203 205 206 -1 203 206 207 -1 203 207 208 -1 203 208 209 -1 203 209 210 -1 203 210 211 -1 203 211 212 -1 203 212 213 -1 203 213 176 -1 203 176 214 -1 214 176 215 -1 215 176 216 -1 216 176 217 -1 217 176 180 -1 53 201 218 -1 53 218 219 -1 53 219 220 -1 53 220 221 -1 53 221 222 -1 53 222 223 -1 53 223 187 -1 53 187 151 -1 53 151 224 -1 53 224 225 -1 225 224 226 -1 225 226 227 -1 227 226 228 -1 227 228 229 -1 229 228 230 -1 229 230 231 -1 231 230 232 -1 231 232 233 -1 233 232 234 -1 233 234 235 -1 235 234 236 -1 235 236 237 -1 129 238 239 -1 238 129 165 -1 165 129 125 -1 136 63 65 -1 138 136 65 -1 49 143 54 -1 138 65 70 -1 140 138 70 -1 143 83 141 -1 49 83 143 -1 142 140 72 -1 72 140 70 -1 74 142 72 -1 141 64 139 -1 83 64 141 -1 144 142 74 -1 64 55 139 -1 144 74 79 -1 139 55 137 -1 55 67 137 -1 137 67 135 -1 67 78 135 -1 135 78 133 -1 78 82 133 -1 133 82 131 -1 131 82 86 -1 131 86 132 -1 132 86 58 -1 130 132 58 -1 130 58 60 -1 134 130 60 -1 134 60 63 -1 136 134 63 -1 94 240 231 -1 240 229 231 -1 224 151 241 -1 240 102 229 -1 102 227 229 -1 226 224 242 -1 242 224 241 -1 227 104 225 -1 102 104 227 -1 104 106 225 -1 228 226 96 -1 96 226 114 -1 225 106 53 -1 87 228 96 -1 106 52 53 -1 230 228 87 -1 99 230 87 -1 232 230 99 -1 109 232 99 -1 234 232 109 -1 111 234 109 -1 111 236 234 -1 117 236 111 -1 117 237 236 -1 117 91 237 -1 91 235 237 -1 91 90 235 -1 90 233 235 -1 90 94 233 -1 94 231 233 -1 112 144 79 -1 144 112 151 -1 243 244 245 -1 245 244 246 -1 247 248 249 -1 243 250 244 -1 251 250 243 -1 252 247 249 -1 251 253 250 -1 254 253 251 -1 254 255 253 -1 256 249 257 -1 256 258 252 -1 256 252 249 -1 259 260 254 -1 254 260 255 -1 261 257 262 -1 261 256 257 -1 263 264 259 -1 259 264 265 -1 266 262 267 -1 266 261 262 -1 259 265 260 -1 265 268 260 -1 269 267 270 -1 269 266 267 -1 271 272 270 -1 272 269 270 -1 273 274 271 -1 274 272 271 -1 275 276 273 -1 276 274 273 -1 277 278 275 -1 278 276 275 -1 245 246 277 -1 246 278 277 -1 279 280 281 -1 282 280 279 -1 263 283 264 -1 279 281 284 -1 283 265 264 -1 284 281 285 -1 284 285 286 -1 286 285 287 -1 265 288 268 -1 286 287 289 -1 283 290 288 -1 283 288 265 -1 291 287 292 -1 289 287 291 -1 290 293 294 -1 290 294 288 -1 247 292 248 -1 252 292 247 -1 293 295 296 -1 293 296 294 -1 291 292 252 -1 291 252 258 -1 295 297 298 -1 295 298 296 -1 297 299 300 -1 297 300 298 -1 299 301 302 -1 299 302 300 -1 301 303 304 -1 302 301 304 -1 303 305 306 -1 304 303 306 -1 305 280 282 -1 306 305 282 -1 0 2 256 -1 256 2 258 -1 5 0 261 -1 0 256 261 -1 7 5 266 -1 5 261 266 -1 7 266 269 -1 9 7 272 -1 7 269 272 -1 11 9 274 -1 274 9 272 -1 13 11 276 -1 276 11 274 -1 15 13 278 -1 13 276 278 -1 17 15 246 -1 15 278 246 -1 244 17 246 -1 250 17 244 -1 250 18 17 -1 253 18 250 -1 253 20 18 -1 255 22 20 -1 255 20 253 -1 260 22 255 -1 260 24 22 -1 268 26 24 -1 260 268 24 -1 288 28 26 -1 268 288 26 -1 288 294 28 -1 296 30 28 -1 294 296 28 -1 298 32 30 -1 296 298 30 -1 32 300 34 -1 298 300 32 -1 34 302 36 -1 300 302 34 -1 36 304 38 -1 36 302 304 -1 38 306 40 -1 38 304 306 -1 40 282 42 -1 306 282 40 -1 282 279 42 -1 42 284 44 -1 42 279 284 -1 44 286 46 -1 44 284 286 -1 46 289 48 -1 46 286 289 -1 48 291 2 -1 48 289 291 -1 2 291 258 -1 50 107 307 -1 108 101 308 -1 101 100 309 -1 107 105 310 -1 100 89 311 -1 103 312 105 -1 89 88 311 -1 97 313 103 -1 88 115 314 -1 97 93 315 -1 95 316 93 -1 113 317 115 -1 92 318 95 -1 92 116 318 -1 116 110 319 -1 110 108 320 -1 77 321 81 -1 80 76 322 -1 69 323 77 -1 324 69 68 -1 325 73 326 -1 57 324 68 -1 57 56 327 -1 71 328 73 -1 56 84 329 -1 66 330 71 -1 62 331 66 -1 51 332 84 -1 62 61 333 -1 61 59 334 -1 85 334 59 -1 81 335 85 -1 113 336 337 -1 80 336 113 -1 80 322 336 -1 199 338 158 -1 339 338 199 -1 340 339 198 -1 198 339 199 -1 341 340 197 -1 197 340 198 -1 196 342 341 -1 196 341 197 -1 195 342 196 -1 195 343 342 -1 188 343 195 -1 188 344 343 -1 189 344 188 -1 189 345 344 -1 190 345 189 -1 190 346 345 -1 191 346 190 -1 191 347 346 -1 191 192 347 -1 347 192 348 -1 192 193 348 -1 348 193 349 -1 193 194 349 -1 349 194 350 -1 194 152 350 -1 350 152 351 -1 152 145 351 -1 351 145 352 -1 145 146 352 -1 352 146 353 -1 146 147 353 -1 147 354 353 -1 148 354 147 -1 148 355 354 -1 149 355 148 -1 149 356 355 -1 150 356 149 -1 150 357 356 -1 153 357 150 -1 153 358 357 -1 154 358 153 -1 154 359 358 -1 155 359 154 -1 360 359 155 -1 156 360 155 -1 361 360 156 -1 157 361 156 -1 338 361 157 -1 158 338 157 -1 223 362 187 -1 363 362 223 -1 364 363 222 -1 222 363 223 -1 365 364 221 -1 221 364 222 -1 220 366 365 -1 220 365 221 -1 219 366 220 -1 219 367 366 -1 218 367 219 -1 218 368 367 -1 201 368 218 -1 201 369 368 -1 203 369 201 -1 203 370 369 -1 214 370 203 -1 214 371 370 -1 214 215 371 -1 371 215 372 -1 215 216 372 -1 372 216 373 -1 216 217 373 -1 373 217 374 -1 217 180 374 -1 374 180 375 -1 180 179 375 -1 375 179 376 -1 179 178 376 -1 376 178 377 -1 178 177 377 -1 177 378 377 -1 167 378 177 -1 167 379 378 -1 162 379 167 -1 162 380 379 -1 181 380 162 -1 181 381 380 -1 182 381 181 -1 182 382 381 -1 183 382 182 -1 183 383 382 -1 184 383 183 -1 384 383 184 -1 185 384 184 -1 385 384 185 -1 186 385 185 -1 362 385 186 -1 187 362 186 -1 113 249 80 -1 249 113 257 -1 257 113 112 -1 80 249 248 -1 257 112 262 -1 262 112 267 -1 267 112 270 -1 270 112 271 -1 271 112 273 -1 273 112 275 -1 275 112 277 -1 277 112 245 -1 245 112 243 -1 243 112 251 -1 251 112 254 -1 254 112 259 -1 259 112 263 -1 80 292 79 -1 292 80 248 -1 79 292 287 -1 79 287 285 -1 79 285 281 -1 79 281 280 -1 79 280 305 -1 79 305 303 -1 79 303 301 -1 79 301 299 -1 79 299 297 -1 79 297 295 -1 79 295 293 -1 79 293 290 -1 79 290 283 -1 79 283 263 -1 79 263 112 -1 322 386 387 -1 386 322 388 -1 388 322 389 -1 387 386 390 -1 387 390 391 -1 387 391 392 -1 387 392 393 -1 321 334 335 -1 334 321 394 -1 334 394 333 -1 333 394 323 -1 333 323 331 -1 331 323 324 -1 331 324 330 -1 330 324 327 -1 330 327 328 -1 328 327 329 -1 328 329 326 -1 326 329 332 -1 326 332 322 -1 322 332 395 -1 322 395 307 -1 322 307 396 -1 322 396 397 -1 322 397 398 -1 322 398 399 -1 322 399 400 -1 322 400 389 -1 396 307 401 -1 401 307 402 -1 402 307 403 -1 403 307 404 -1 404 307 405 -1 405 307 406 -1 406 307 407 -1 408 387 393 -1 387 408 337 -1 337 408 409 -1 337 409 410 -1 337 410 411 -1 337 411 412 -1 337 412 407 -1 337 407 307 -1 337 307 310 -1 337 310 317 -1 317 310 314 -1 314 310 312 -1 314 312 311 -1 311 312 313 -1 311 313 315 -1 311 315 309 -1 309 315 316 -1 309 316 308 -1 308 316 320 -1 320 316 318 -1 320 318 413 -1 413 318 319 -1 309 100 311 -1 311 88 314 -1 314 115 317 -1 308 101 309 -1 108 308 320 -1 113 337 317 -1 110 320 413 -1 319 110 413 -1 116 319 318 -1 318 316 95 -1 316 315 93 -1 315 313 97 -1 313 312 103 -1 312 310 105 -1 310 307 107 -1 322 325 326 -1 326 73 328 -1 328 71 330 -1 330 66 331 -1 331 62 333 -1 333 61 334 -1 334 85 335 -1 321 335 81 -1 394 321 77 -1 51 395 332 -1 332 329 84 -1 323 394 77 -1 329 327 56 -1 324 323 69 -1 327 324 57 -1 336 387 337 -1 387 336 322 -1 51 307 395 -1 307 51 50 -1 414 415 416 -1 415 414 417 -1 415 417 418 -1 418 417 419 -1 418 419 420 -1 420 419 421 -1 420 421 422 -1 422 421 423 -1 422 423 424 -1 424 423 425 -1 424 425 426 -1 426 425 427 -1 426 427 428 -1 428 427 429 -1 428 429 430 -1 430 429 431 -1 430 431 432 -1 432 431 433 -1 432 433 434 -1 434 433 435 -1 434 435 436 -1 436 435 437 -1 425 10 12 -1 10 425 423 -1 427 12 14 -1 12 427 425 -1 429 14 16 -1 14 429 427 -1 431 16 19 -1 16 431 429 -1 431 21 433 -1 21 431 19 -1 433 23 435 -1 23 433 21 -1 435 25 437 -1 25 435 23 -1 437 27 436 -1 27 437 25 -1 436 29 434 -1 29 436 27 -1 434 31 432 -1 31 434 29 -1 430 31 33 -1 31 430 432 -1 428 33 35 -1 33 428 430 -1 426 35 37 -1 35 426 428 -1 424 37 39 -1 37 424 426 -1 422 39 41 -1 39 422 424 -1 420 41 43 -1 41 420 422 -1 45 420 43 -1 420 45 418 -1 47 418 45 -1 418 47 415 -1 1 415 47 -1 415 1 416 -1 3 416 1 -1 416 3 414 -1 4 414 3 -1 414 4 417 -1 6 417 4 -1 417 6 419 -1 421 6 8 -1 6 421 419 -1 423 8 10 -1 8 423 421 -1 375 373 374 -1 373 375 376 -1 373 376 372 -1 372 376 377 -1 372 377 371 -1 371 377 378 -1 371 378 370 -1 370 378 379 -1 370 379 369 -1 369 379 380 -1 369 380 368 -1 368 380 381 -1 368 381 367 -1 367 381 382 -1 367 382 366 -1 366 382 383 -1 366 383 365 -1 365 383 384 -1 365 384 364 -1 364 384 385 -1 364 385 363 -1 363 385 362 -1 438 439 440 -1 439 438 441 -1 441 438 442 -1 441 442 443 -1 443 442 444 -1 444 442 445 -1 444 445 446 -1 446 445 447 -1 446 447 448 -1 448 447 449 -1 448 449 450 -1 450 449 451 -1 450 451 452 -1 452 451 453 -1 452 453 454 -1 454 453 455 -1 454 455 456 -1 457 458 459 -1 458 457 460 -1 458 460 461 -1 461 460 462 -1 461 462 463 -1 463 462 464 -1 464 462 465 -1 464 465 466 -1 466 465 467 -1 466 467 468 -1 468 467 469 -1 468 469 470 -1 470 469 471 -1 471 469 472 -1 471 472 473 -1 473 472 474 -1 459 475 476 -1 475 459 458 -1 476 475 477 -1 476 477 478 -1 478 477 479 -1 478 479 480 -1 478 480 481 -1 481 480 482 -1 481 482 483 -1 481 483 484 -1 484 483 485 -1 484 485 486 -1 486 485 487 -1 486 487 488 -1 488 487 489 -1 488 489 474 -1 488 474 472 -1 488 472 490 -1 488 490 491 -1 491 490 492 -1 491 492 493 -1 493 492 494 -1 494 492 495 -1 212 491 493 -1 491 212 211 -1 210 491 211 -1 491 210 488 -1 486 210 209 -1 210 486 488 -1 484 209 208 -1 209 484 486 -1 481 208 207 -1 208 481 484 -1 478 207 206 -1 207 478 481 -1 476 206 205 -1 206 476 478 -1 459 205 204 -1 205 459 476 -1 459 164 457 -1 164 459 204 -1 460 164 168 -1 164 460 457 -1 462 168 169 -1 168 462 460 -1 465 169 170 -1 169 465 462 -1 467 170 171 -1 170 467 465 -1 469 171 172 -1 171 469 467 -1 472 172 173 -1 172 472 469 -1 174 472 173 -1 472 174 490 -1 175 490 174 -1 490 175 492 -1 176 492 175 -1 492 176 495 -1 213 495 176 -1 495 213 494 -1 213 493 494 -1 493 213 212 -1 485 448 450 -1 448 485 483 -1 485 452 487 -1 452 485 450 -1 487 454 489 -1 454 487 452 -1 489 456 474 -1 456 489 454 -1 474 455 473 -1 455 474 456 -1 473 453 471 -1 453 473 455 -1 471 451 470 -1 451 471 453 -1 468 451 449 -1 451 468 470 -1 466 449 447 -1 449 466 468 -1 464 447 445 -1 447 464 466 -1 463 445 442 -1 445 463 464 -1 461 442 438 -1 442 461 463 -1 458 438 440 -1 438 458 461 -1 439 458 440 -1 458 439 475 -1 477 439 441 -1 439 477 475 -1 479 441 443 -1 441 479 477 -1 480 443 444 -1 443 480 479 -1 482 444 446 -1 444 482 480 -1 483 446 448 -1 446 483 482 -1 496 497 498 -1 497 496 499 -1 497 499 500 -1 501 502 503 -1 502 501 504 -1 498 505 506 -1 505 498 497 -1 506 505 507 -1 129 501 128 -1 501 129 504 -1 502 129 239 -1 129 502 504 -1 238 502 239 -1 502 238 505 -1 507 238 165 -1 238 507 505 -1 166 507 165 -1 507 166 506 -1 498 166 202 -1 166 498 506 -1 498 161 496 -1 161 498 202 -1 499 161 163 -1 161 499 496 -1 125 499 163 -1 499 125 500 -1 497 125 127 -1 125 497 500 -1 126 497 127 -1 497 126 503 -1 501 126 128 -1 126 501 503 -1 508 509 510 -1 509 508 511 -1 511 508 512 -1 511 513 509 -1 513 511 514 -1 513 515 516 -1 515 513 517 -1 517 513 514 -1 513 119 118 -1 119 513 516 -1 513 120 509 -1 120 513 118 -1 509 159 510 -1 159 509 120 -1 160 510 159 -1 510 160 508 -1 121 508 160 -1 508 121 512 -1 511 121 123 -1 121 511 512 -1 122 511 123 -1 511 122 514 -1 122 517 514 -1 517 122 124 -1 515 124 200 -1 124 515 517 -1 515 119 516 -1 119 515 200 -1 351 349 350 -1 349 351 352 -1 349 352 348 -1 348 352 353 -1 348 353 347 -1 347 353 354 -1 347 354 346 -1 346 354 355 -1 346 355 345 -1 345 355 356 -1 345 356 344 -1 344 356 357 -1 344 357 343 -1 343 357 358 -1 343 358 342 -1 342 358 359 -1 342 359 341 -1 341 359 360 -1 341 360 340 -1 340 360 361 -1 340 361 339 -1 339 361 338 -1 518 519 520 -1 519 518 521 -1 521 518 522 -1 521 522 523 -1 523 522 524 -1 523 524 525 -1 525 524 526 -1 525 526 527 -1 527 526 528 -1 527 528 529 -1 529 528 530 -1 529 530 531 -1 531 530 532 -1 531 532 533 -1 533 532 534 -1 533 534 535 -1 535 534 536 -1 535 536 537 -1 537 536 538 -1 537 538 539 -1 539 538 540 -1 539 540 541 -1 408 529 531 -1 529 408 393 -1 393 527 529 -1 527 393 392 -1 392 525 527 -1 525 392 391 -1 391 523 525 -1 523 391 390 -1 386 523 390 -1 523 386 521 -1 388 521 386 -1 521 388 519 -1 389 519 388 -1 519 389 520 -1 400 520 389 -1 520 400 518 -1 399 518 400 -1 518 399 522 -1 398 522 399 -1 522 398 524 -1 398 526 524 -1 526 398 397 -1 397 528 526 -1 528 397 396 -1 396 530 528 -1 530 396 401 -1 401 532 530 -1 532 401 402 -1 402 534 532 -1 534 402 403 -1 403 536 534 -1 536 403 404 -1 536 405 538 -1 405 536 404 -1 538 406 540 -1 406 538 405 -1 540 407 541 -1 407 540 406 -1 541 412 539 -1 412 541 407 -1 539 411 537 -1 411 539 412 -1 537 410 535 -1 410 537 411 -1 410 533 535 -1 533 410 409 -1 409 531 533 -1 531 409 408 -1
              ]
            }
          }
        ]
      }


 
    ]
    %{ if fields.physics.value then }%
      physics Physics {
        density -1
        mass 0.5
      }
    %{ end }%
  }
}
